Title,
Bars,8
Bar,0,4
3,-1,-1,3
3,-1,-1,3
0,-1,-1,-1
0,-1,-1,-1
2,-1,2,-1
3,3,-1,-1
Bar,1,4
-1,-1,-1,-1
-1,-1,-1,-1
-1,-1,5,7h
5s,7s,-1,-1
5s,7s,-1,-1
3s,5s,-1,-1
Bar,2,4
0,-1,-1,12<
0,-1,-1,12<
1,-1,-1,12<
2,4m,6m,-1
2,-1,-1,-1
0,-1,-1,-1
Bar,3,4
2,3h,2p,2
3,-1,-1,3
2,-1,-1,2
0,-1,-1,0
-1,-1,-1,-1
-1,-1,-1,-1
Bar,4,4
-1,-1,-1,-1
-1,-1,-1,-1
0,3,5,-1
0,3,5,-1
-1,-1,-1,-1
-1,-1,-1,-1
Bar,5,4
-1,-1,-1,-1
-1,-1,-1,-1
0,3,6,5
0,3,6,5
-1,-1,-1,-1
-1,-1,-1,-1
Bar,6,4
-1,-1,-1,-1
-1,-1,-1,-1
-1,-1,-1,-1
-1,-1,5,-1
-1,5,-1,5
3,-1,-1,-1
Bar,7,4
-1,-1,-1,-1
-1,-1,-1,-1
-1,-1,-1,-1
-1,-1,6,-1
-1,6,-1,6
4,-1,-1,-1
End